num 20
obj 00001 5 812.00 844.00 0.00
obj 00001 5 679.00 711.00 0.00
obj 00001 5 514.00 546.00 0.00
obj 00001 5 569.00 601.00 0.00
obj 00001 5 702.00 734.00 0.00
obj 00001 5 568.00 600.00 0.00
obj 00001 5 453.00 485.00 0.00
obj 00001 5 394.00 426.00 0.00
obj 00001 5 318.00 350.00 0.00
obj 00001 5 324.00 356.00 0.00
obj 00001 5 487.00 519.00 0.00
obj 00001 5 537.00 569.00 0.00
obj 00001 5 353.00 385.00 0.00
obj 00001 5 647.00 679.00 0.00
obj 00001 5 460.00 492.00 0.00
obj 00001 4 349.00 381.00 0.00
obj 00001 5 455.00 487.00 0.00
obj 00001 3 588.00 620.00 0.00
obj 00001 4 483.00 515.00 0.00
obj 00000 5 629.00 661.00 0.00
